map
-2.4,1.1,0.000205,1.5707963267948966,-2.2,1.1,0.000205,1.5707963267948966,RIGHT,0.0
-2.4,1.1,0.000205,1.5707963267948966,-2.1,1.2000000000000002,0.0020500000937317964,1.5707963267948966,LEFT,0.02
-2.4,1.3800000000000001,0.0020500000937317964,1.5707963267948966,-2.1,1.2000000000000002,0.0020500000937317964,1.5707963267948966,RIGHT,0.02
-2.4,1.3800000000000001,0.0020500000937317964,1.5707963267948966,-2.1999999999999997,1.4400000000000002,0.0020500000937317964,1.5707963267948966,LEFT,0.02
-2.4,1.5400000000000003,0.0020500000937317964,1.3707963267948966,-2.1999999999999997,1.4400000000000002,0.0020500000937317964,1.5707963267948966,RIGHT,0.02
-2.4,1.5400000000000003,0.0020500000937317964,1.3707963267948966,-2.1682262048886405,1.6766781178524115,0.0020500000937317964,1.1707963267948966,LEFT,0.02
-2.467909603628025,1.7382399609048336,0.0020500000937317964,1.1707963267948966,-2.1682262048886405,1.6766781178524115,0.0020500000937317964,1.1707963267948966,RIGHT,0.02
-2.467909603628025,1.7382399609048336,0.0020500000937317964,1.1707963267948966,-2.1370727375039484,1.7503629973726424,0.0020500000937317964,1.3707963267948966,LEFT,0.02
-2.370169222116555,1.8588343247418821,0.0020500000937317964,1.5707963267948966,-2.1370727375039484,1.7503629973726424,0.0020500000937317964,1.3707963267948966,RIGHT,0.02
-2.370169222116555,1.8588343247418821,0.0020500000937317964,1.5707963267948966,-2.170169222116555,1.798834324741882,0.0020500000937317964,1.7707963267948965,LEFT,0.02
-2.386049470764309,1.857107116366994,0.0020500000937317964,1.5707963267948966,-2.170169222116555,1.798834324741882,0.0020500000937317964,1.7707963267948965,RIGHT,0.02
-2.386049470764309,1.857107116366994,0.0020500000937317964,1.5707963267948966,-2.136049470764309,1.857107116366994,0.0020500000937317964,1.3707963267948966,LEFT,0.02
-2.2863688402496933,2.1222562954294917,0.10000000149011612,1.5707963267948966,-2.136049470764309,1.857107116366994,0.0020500000937317964,1.3707963267948966,RIGHT,0.152
-2.2863688402496933,2.1222562954294917,0.10000000149011612,1.5707963267948966,-1.9863688402496933,2.1822562954294917,0.10000000149011612,1.7707963267948965,LEFT,0.152
-2.2313854847100036,2.1325889627307264,0.10000000149011612,1.7707963267948965,-1.9863688402496933,2.1822562954294917,0.10000000149011612,1.7707963267948965,RIGHT,0.02
-2.2313854847100036,2.1325889627307264,0.10000000149011612,1.7707963267948965,-1.998289000097397,2.2410602900999663,0.10000000149011612,1.5707963267948966,LEFT,0.02
-2.248289000097397,2.4710602900999663,0.10000000149011612,1.5707963267948966,-1.998289000097397,2.2410602900999663,0.10000000149011612,1.5707963267948966,RIGHT,0.02
-2.248289000097397,2.4710602900999663,0.10000000149011612,1.5707963267948966,-1.998289000097397,2.7010602900999663,0.10000000149011612,1.7707963267948965,LEFT,0.02
-2.2803888136020656,2.5826554961909736,0.10000000149011612,1.5707963267948966,-1.998289000097397,2.7010602900999663,0.10000000149011612,1.7707963267948965,RIGHT,0.02
-2.2803888136020656,2.5826554961909736,0.10000000149011612,1.5707963267948966,-2.0803888136020654,2.6826554961909737,0.10000000149011612,1.5707963267948966,LEFT,0.02
-2.3303888136020654,2.7826554961909737,0.10000000149011612,1.7707963267948965,-2.0803888136020654,2.6826554961909737,0.10000000149011612,1.5707963267948966,RIGHT,0.02
-2.3303888136020654,2.7826554961909737,0.10000000149011612,1.7707963267948965,-2.1224553381861133,2.7635853676795117,0.10000000149011612,1.9707963267948965,LEFT,0.02
-2.4883398551179683,2.8586038936075804,0.10000000149011612,2.1707963267948966,-2.1224553381861133,2.7635853676795117,0.10000000149011612,1.9707963267948965,RIGHT,0.02
-2.4883398551179683,2.8586038936075804,0.10000000149011612,2.1707963267948966,-2.4531405010168905,3.1613595797158136,0.20000000670552254,1.9707963267948967,LEFT,0.152
-2.6762945340483326,3.175582010654372,0.20000000670552254,2.1707963267948966,-2.4531405010168905,3.1613595797158136,0.20000000670552254,1.9707963267948967,RIGHT,0.152
-2.6762945340483326,3.175582010654372,0.20000000670552254,2.1707963267948966,-2.590277357341702,3.404057491420734,0.20000000670552254,1.9707963267948967,LEFT,0.02
-2.774489556142279,3.326173822959004,0.20000000670552254,1.7707963267948967,-2.590277357341702,3.404057491420734,0.20000000670552254,1.9707963267948967,RIGHT,0.02
-2.774489556142279,3.326173822959004,0.20000000670552254,1.7707963267948967,-2.508283289101215,3.522983943095296,0.20000000670552254,1.5707963267948968,LEFT,0.02
-2.708283289101215,3.522983943095296,0.20000000670552254,1.7707963267948967,-2.508283289101215,3.522983943095296,0.20000000670552254,1.5707963267948968,RIGHT,0.02
-2.708283289101215,3.522983943095296,0.20000000670552254,1.7707963267948967,-2.548030453076078,3.739129793265732,0.20000000670552254,1.5707963267948968,LEFT,0.02
-2.748030453076078,3.679129793265732,0.20000000670552254,1.7707963267948967,-2.548030453076078,3.739129793265732,0.20000000670552254,1.5707963267948968,RIGHT,0.02
-2.748030453076078,3.679129793265732,0.20000000670552254,1.7707963267948967,-2.4659306395714093,3.7975345871747246,0.20000000670552254,1.5707963267948968,LEFT,0.02
-2.7159306395714093,3.7375345871747245,0.20000000670552254,1.5707963267948968,-2.4659306395714093,3.7975345871747246,0.20000000670552254,1.5707963267948968,RIGHT,0.02
-2.7159306395714093,3.7375345871747245,0.20000000670552254,1.5707963267948968,-2.4159306395714095,3.7975345871747246,0.20000000670552254,1.3707963267948968,LEFT,0.02
-2.7218707727714855,3.7983313917427686,0.20000000670552254,1.1707963267948969,-2.4159306395714095,3.7975345871747246,0.20000000670552254,1.3707963267948968,RIGHT,0.02
-2.7218707727714855,3.7983313917427686,0.20000000670552254,1.1707963267948969,-2.3754571729550626,3.8472968679706927,0.20000000670552254,0.9707963267948969,LEFT,0.02
-2.52142221221686,4.1652500206729455,0.30000000074505806,1.1707963267948969,-2.3754571729550626,3.8472968679706927,0.20000000670552254,0.9707963267948969,RIGHT,0.152
-2.52142221221686,4.1652500206729455,0.30000000074505806,1.1707963267948969,-2.298268179185418,4.179472451611504,0.30000000074505806,1.1707963267948969,LEFT,0.152
-2.5356446431554183,4.388404053704388,0.30000000074505806,1.3707963267948968,-2.298268179185418,4.179472451611504,0.30000000074505806,1.1707963267948969,RIGHT,0.02
-2.5356446431554183,4.388404053704388,0.30000000074505806,1.3707963267948968,-2.2787078388474042,4.397540715676097,0.30000000074505806,1.5707963267948968,LEFT,0.02
-2.5787078388474045,4.627540715676097,0.30000000074505806,1.5707963267948968,-2.2787078388474042,4.397540715676097,0.30000000074505806,1.5707963267948968,RIGHT,0.02
-2.5787078388474045,4.627540715676097,0.30000000074505806,1.5707963267948968,-2.2787078388474047,4.627540715676097,0.30000000074505806,1.5707963267948968,LEFT,0.02
-2.5787078388474045,4.7675407156760965,0.30000000074505806,1.3707963267948968,-2.2787078388474047,4.627540715676097,0.30000000074505806,1.5707963267948968,RIGHT,0.02
-2.5787078388474045,4.7675407156760965,0.30000000074505806,1.3707963267948968,-2.3058774880757857,4.855082703875105,0.30000000074505806,1.5707963267948968,LEFT,0.02
-2.5558774880757857,4.855082703875105,0.30000000074505806,1.3707963267948968,-2.3058774880757857,4.855082703875105,0.30000000074505806,1.5707963267948968,RIGHT,0.02
-2.5558774880757857,4.855082703875105,0.30000000074505806,1.3707963267948968,-2.24993735487571,4.854285899307062,0.30000000074505806,1.5707963267948968,LEFT,0.02
-2.49993735487571,4.854285899307062,0.30000000074505806,1.5707963267948968,-2.24993735487571,4.854285899307062,0.30000000074505806,1.5707963267948968,RIGHT,0.02
-2.49993735487571,4.854285899307062,0.30000000074505806,1.5707963267948968,-2.19993735487571,4.794285899307062,0.30000000074505806,1.3707963267948968,LEFT,0.02
-2.395950670443958,4.834019765466074,0.30000000074505806,1.3707963267948968,-2.19993735487571,4.794285899307062,0.30000000074505806,1.3707963267948968,RIGHT,0.02
-2.395950670443958,4.834019765466074,0.30000000074505806,1.3707963267948968,-2.139013866135944,4.843156427437783,0.30000000074505806,1.3707963267948968,LEFT,0.02
-2.346947341551896,4.824086298926321,0.30000000074505806,1.3707963267948968,-2.139013866135944,4.843156427437783,0.30000000074505806,1.3707963267948968,RIGHT,0.02
-2.346947341551896,4.824086298926321,0.30000000074505806,1.3707963267948968,-2.090010537243882,4.833222960898031,0.30000000074505806,1.1707963267948969,LEFT,0.02
-2.230709567013614,5.142421575095857,0.3999999947845936,1.3707963267948968,-2.090010537243882,4.833222960898031,0.30000000074505806,1.1707963267948969,RIGHT,0.152
-2.230709567013614,5.142421575095857,0.3999999947845936,1.3707963267948968,-2.0148293183658597,5.200694366720969,0.3999999947845936,1.5707963267948968,LEFT,0.152
-2.3148293183658595,5.340694366720968,0.3999999947845936,1.3707963267948968,-2.0148293183658597,5.200694366720969,0.3999999947845936,1.5707963267948968,RIGHT,0.02
-2.3148293183658595,5.340694366720968,0.3999999947845936,1.3707963267948968,-1.9850488654703762,5.457505551493874,0.3999999947845936,1.1707963267948969,LEFT,0.02
-2.2224253294403766,5.666437153586758,0.3999999947845936,1.3707963267948968,-1.9850488654703762,5.457505551493874,0.3999999947845936,1.1707963267948969,RIGHT,0.02
-2.2224253294403766,5.666437153586758,0.3999999947845936,1.3707963267948968,-1.9985983075608198,5.763912608325519,0.3999999947845936,1.3707963267948968,LEFT,0.02
-2.255535111868834,5.75477594635381,0.3999999947845936,1.5707963267948968,-1.9985983075608198,5.763912608325519,0.3999999947845936,1.3707963267948968,RIGHT,0.02
-2.255535111868834,5.75477594635381,0.3999999947845936,1.5707963267948968,-2.0555351118688336,5.81477594635381,0.3999999947845936,1.3707963267948968,LEFT,0.02
-2.2634685872847857,5.7957058178423475,0.3999999947845936,1.3707963267948968,-2.0555351118688336,5.81477594635381,0.3999999947845936,1.3707963267948968,RIGHT,0.02
-2.2634685872847857,5.7957058178423475,0.3999999947845936,1.3707963267948968,-1.998585009744969,5.8440451429277065,0.3999999947845936,1.1707963267948969,LEFT,0.02
-2.139284039514701,6.153243757125533,0.4999999888241291,1.3707963267948968,-1.998585009744969,5.8440451429277065,0.3999999947845936,1.1707963267948969,RIGHT,0.152
-2.139284039514701,6.153243757125533,0.4999999888241291,1.3707963267948968,-1.9313505640987487,6.172313885636995,0.4999999888241291,1.5707963267948968,LEFT,0.152
-2.131350564098749,6.3123138856369945,0.4999999888241291,1.7707963267948967,-1.9313505640987487,6.172313885636995,0.4999999888241291,1.5707963267948968,RIGHT,0.02
-2.131350564098749,6.3123138856369945,0.4999999888241291,1.7707963267948967,-1.9353372485305005,6.352047751796007,0.4999999888241291,1.5707963267948968,LEFT,0.02
-2.1853372485305007,6.532047751796006,0.4999999888241291,1.5707963267948968,-1.9353372485305005,6.352047751796007,0.4999999888241291,1.5707963267948968,RIGHT,0.02
-2.1853372485305007,6.532047751796006,0.4999999888241291,1.5707963267948968,-1.9853372485305008,6.592047751796006,0.4999999888241291,1.3707963267948968,LEFT,0.02
-2.251543515571565,6.788857871932298,0.4999999888241291,1.5707963267948968,-1.9853372485305008,6.592047751796006,0.4999999888241291,1.3707963267948968,RIGHT,0.02
-2.251543515571565,6.788857871932298,0.4999999888241291,1.5707963267948968,-2.0515435155715647,6.788857871932298,0.4999999888241291,1.3707963267948968,LEFT,0.02
-2.247556831139813,6.82859173809131,0.4999999888241291,1.3707963267948968,-2.0515435155715647,6.788857871932298,0.4999999888241291,1.3707963267948968,RIGHT,0.02
-2.247556831139813,6.82859173809131,0.4999999888241291,1.3707963267948968,-2.0396233557238608,6.847661866602772,0.4999999888241291,1.3707963267948968,LEFT,0.02
-2.2389460541013073,7.122744512205023,0.600000012665987,1.5707963267948968,-2.0396233557238608,6.847661866602772,0.4999999888241291,1.3707963267948968,RIGHT,0.152
-2.2389460541013073,7.122744512205023,0.600000012665987,1.5707963267948968,-1.9389460541013073,7.122744512205023,0.600000012665987,1.5707963267948968,LEFT,0.152
-2.2389460541013073,7.262744512205023,0.600000012665987,1.5707963267948968,-1.9389460541013073,7.122744512205023,0.600000012665987,1.5707963267948968,RIGHT,0.02
-2.2389460541013073,7.262744512205023,0.600000012665987,1.5707963267948968,-2.038946054101307,7.492744512205023,0.600000012665987,1.7707963267948967,LEFT,0.02
-2.3038296316411238,7.541083837290382,0.600000012665987,1.7707963267948967,-2.038946054101307,7.492744512205023,0.600000012665987,1.7707963267948967,RIGHT,0.02
-2.3038296316411238,7.541083837290382,0.600000012665987,1.7707963267948967,-2.021729818136455,7.659488631199375,0.600000012665987,1.5707963267948968,LEFT,0.02
-2.321729818136455,7.759488631199375,0.600000012665987,1.7707963267948967,-2.021729818136455,7.659488631199375,0.600000012665987,1.5707963267948968,RIGHT,0.02
-2.321729818136455,7.759488631199375,0.600000012665987,1.7707963267948967,-2.064793013828441,7.7503519692276654,0.600000012665987,1.5707963267948968,LEFT,0.02
-2.314793013828441,7.810351969227665,0.600000012665987,1.5707963267948968,-2.064793013828441,7.7503519692276654,0.600000012665987,1.5707963267948968,RIGHT,0.02
-2.314793013828441,7.810351969227665,0.600000012665987,1.5707963267948968,-2.1147930138284408,7.870351969227665,0.600000012665987,1.5707963267948968,LEFT,0.02
-2.4147930138284406,7.810351969227665,0.600000012665987,1.5707963267948968,-2.1147930138284408,7.870351969227665,0.600000012665987,1.5707963267948968,RIGHT,0.02
-2.4147930138284406,7.810351969227665,0.600000012665987,1.5707963267948968,-2.2147930138284404,7.810351969227665,0.600000012665987,1.7707963267948967,LEFT,0.02
-2.4717298181364544,7.819488631199374,0.600000012665987,1.7707963267948967,-2.2147930138284404,7.810351969227665,0.600000012665987,1.7707963267948967,RIGHT,0.02
-2.4717298181364544,7.819488631199374,0.600000012665987,1.7707963267948967,-2.2757165025682062,7.859222497358386,0.600000012665987,1.9707963267948967,LEFT,0.02
-2.5909766349999366,7.83450309406608,0.600000012665987,1.9707963267948967,-2.2757165025682062,7.859222497358386,0.600000012665987,1.9707963267948967,RIGHT,0.02
-2.5909766349999366,7.83450309406608,0.600000012665987,1.9707963267948967,-2.450277605230205,8.143701708263906,0.7000000365078449,1.9707963267948967,LEFT,0.152
-2.673431638261647,8.157924139202464,0.7000000365078449,1.9707963267948967,-2.450277605230205,8.143701708263906,0.7000000365078449,1.9707963267948967,RIGHT,0.152
-2.673431638261647,8.157924139202464,0.7000000365078449,1.9707963267948967,-2.4360551742916465,8.366855741295348,0.7000000365078449,2.1707963267948966,LEFT,0.02
-2.5672437488698803,8.20440710972176,0.7000000365078449,1.9707963267948967,-2.4360551742916465,8.366855741295348,0.7000000365078449,2.1707963267948966,RIGHT,0.02
-2.5672437488698803,8.20440710972176,0.7000000365078449,1.9707963267948967,-2.360343600907678,8.357025354939097,0.7000000365078449,1.7707963267948967,LEFT,0.02
-2.690124053803162,8.473836539712002,0.7000000365078449,1.5707963267948968,-2.360343600907678,8.357025354939097,0.7000000365078449,1.7707963267948967,RIGHT,0.02
-2.690124053803162,8.473836539712002,0.7000000365078449,1.5707963267948968,-2.4901240538031617,8.533836539712002,0.7000000365078449,1.7707963267948967,LEFT,0.02
-2.68613736937141,8.49410267355299,0.7000000365078449,1.7707963267948967,-2.4901240538031617,8.533836539712002,0.7000000365078449,1.7707963267948967,RIGHT,0.02
-2.68613736937141,8.49410267355299,0.7000000365078449,1.7707963267948967,-2.419931102330346,8.690912793689282,0.7000000365078449,1.5707963267948968,LEFT,0.02
-2.669931102330346,8.690912793689282,0.7000000365078449,1.5707963267948968,-2.419931102330346,8.690912793689282,0.7000000365078449,1.5707963267948968,RIGHT,0.02
-2.669931102330346,8.690912793689282,0.7000000365078449,1.5707963267948968,-2.469931102330346,8.630912793689282,0.7000000365078449,1.3707963267948968,LEFT,0.02
-2.679187267247545,8.85699211039947,0.7000000365078449,1.1707963267948969,-2.469931102330346,8.630912793689282,0.7000000365078449,1.3707963267948968,RIGHT,0.02
-2.679187267247545,8.85699211039947,0.7000000365078449,1.1707963267948969,-2.472287119285343,8.704373865182136,0.7000000365078449,1.3707963267948968,LEFT,0.02
-2.648433501774085,8.842114389125273,0.7000000365078449,1.3707963267948968,-2.472287119285343,8.704373865182136,0.7000000365078449,1.3707963267948968,RIGHT,0.02
-2.648433501774085,8.842114389125273,0.7000000365078449,1.3707963267948968,-2.4034168573137746,8.792447056426507,0.7000000365078449,1.3707963267948968,LEFT,0.02
-2.648433501774085,8.842114389125273,0.7000000365078449,1.1707963267948969,-2.4034168573137746,8.792447056426507,0.7000000365078449,1.3707963267948968,RIGHT,0.02
-2.648433501774085,8.842114389125273,0.7000000365078449,1.1707963267948969,-2.379226419042499,8.836865902948398,0.7000000365078449,0.9707963267948969,LEFT,0.02
-2.5251914583042963,9.15481905565065,0.7270511901842838,1.1707963267948969,-2.379226419042499,8.836865902948398,0.7000000365078449,0.9707963267948969,RIGHT,0.064
-2.5251914583042963,9.15481905565065,0.7270511901842838,1.1707963267948969,-2.178777858487874,9.203784531878574,0.7270511901842838,1.3707963267948968,LEFT,0.064
-2.3390306945130113,9.41993038204901,0.7270511901842838,1.5707963267948968,-2.178777858487874,9.203784531878574,0.7270511901842838,1.3707963267948968,RIGHT,0.02
-2.3390306945130113,9.41993038204901,0.7270511901842838,1.5707963267948968,-2.0390306945130114,9.51993038204901,0.7270511901842838,1.5707963267948968,LEFT,0.02
-2.2390306945130116,9.57993038204901,0.7270511901842838,1.3707963267948968,-2.0390306945130114,9.51993038204901,0.7270511901842838,1.5707963267948968,RIGHT,0.02
